9700
9274
9373.3
9017.984999999999
8967.913399999998
9214.919297999997
9131.012070059998
9126.335190125797
9124.324131754092
9032.216135336717
9464.49726090152
9280.44387696962
8869.004183406025
8991.051882532709
8915.704903615699
9055.439010482434
8965.501944821917
8744.820855721642
8735.169385074736
9105.529610985124
8697.488324943304
9200.844629473919
9232.388529558
9231.546494187838
9184.934062617012
9441.370987551483
9648.616944398165
9134.849963867135
9402.03098337888
9630.913942520492
9630.220413559422
9348.390369559358
9606.775666301706
9515.184563161798
9586.681207791187
9330.539295194383
8798.742682837468
9071.446780448481
9154.294454615267
8994.061338215324
9117.14944234335
8976.231732324804
9259.779644899661
8952.096433102837
9028.443394896272
8882.230659805391
8974.64841010853
9038.591784548833
9048.138138737946
9362.14354381945
9225.721723842358
9182.545906775362
8948.4947399134
9095.277475158426
8892.874863821286
9023.936191443147
9170.531924234978
9093.560642875133
8873.973502151306
8993.288075968081
8826.845395704991
8795.543520153138
8670.039148867374
8848.319182945006
8758.710015984147
8966.245306873174
9076.160575817992
9156.557076392628
9212.016255140601
8853.287152261857
9183.979218517827
9100.149817073727
9222.062923170957
9257.707686195212
9073.391381925883
9064.493949505157
9188.377337782258
9134.769802002007
9184.689504960954
9057.56959208359
9294.754924595933
9475.587265314118
9569.258396738202
9306.16627853218
8973.898150910116
9258.77620489134
9166.449292201092
8999.895660256516
9049.953047115423
9253.47793214424
9193.925952179128
9445.327418958805
9261.490790152275
8860.285763470038
9209.922878292105
9220.7629815802
9133.758601342684
9184.204128644478
9332.891857890005
9106.472417471592
