10300
10726
10626.7
10982.015
11032.086599999999
10785.080702
10868.987929939998
10873.664809874199
10875.675868245904
10967.783864663279
10535.502739098474
10719.556123030372
11130.995816593968
11008.948117467284
11084.295096384294
10944.560989517558
11034.498055178075
11255.17914427835
11264.830614925257
10894.470389014868
11302.511675056689
10799.155370526076
10767.611470441992
10768.453505812155
10815.06593738298
10558.62901244851
10351.383055601827
10865.150036132856
10597.969016621111
10369.086057479497
10369.779586440565
10651.609630440627
10393.22433369828
10484.815436838187
10413.318792208798
10669.460704805602
11201.257317162515
10928.553219551502
10845.705545384717
11005.93866178466
10882.850557656633
11023.76826767518
10740.220355100322
11047.903566897146
10971.55660510371
11117.769340194589
11025.35158989145
10961.408215451147
10951.861861262034
10637.85645618053
10774.278276157622
10817.454093224618
11051.50526008658
10904.722524841553
11107.12513617869
10976.063808556828
10829.468075764997
10906.43935712484
11126.026497848667
11006.711924031892
11173.15460429498
11204.456479846833
11329.960851132597
11151.680817054965
11241.289984015824
11033.754693126795
10923.839424181977
10843.442923607341
10787.983744859368
11146.712847738112
10816.02078148214
10899.85018292624
10777.93707682901
10742.292313804754
10926.60861807408
10935.506050494807
10811.622662217704
10865.230197997955
10815.310495039008
10942.43040791637
10705.245075404027
10524.41273468584
10430.741603261758
10693.83372146778
11026.101849089846
10741.223795108623
10833.55070779887
11000.104339743446
10950.046952884539
10746.522067855722
10806.074047820834
10554.672581041155
10738.509209847685
11139.714236529924
10790.077121707855
10779.237018419759
10866.241398657276
10815.795871355482
10667.108142109955
10893.527582528368
